// Orientired graph generated in scilab

1 1 1 0 1 1 0 0 0 1
0 0 1 1 0 0 1 1 0 1
1 1 0 1 0 0 1 0 0 0
0 1 0 0 0 0 1 0 1 0
1 0 1 0 0 1 1 1 0 1
1 1 0 1 0 0 0 0 0 0
0 0 0 0 0 1 1 1 0 0
1 1 0 1 0 1 1 1 1 1
0 1 1 0 0 0 0 1 0 1
0 0 1 0 0 1 0 0 0 0

// W matrix generated in scilab

0 71 87 0 90 69 0 88 0 94
71 0 17 46 0 39 61 18 24 64
87 17 0 65 45 0 28 0 48 58
0 46 65 0 0 96 76 46 6 0
90 0 45 0 0 85 34 100 0 71
69 39 0 96 85 0 42 23 0 10
0 61 28 76 34 42 0 69 0 0
88 18 0 46 100 23 69 0 63 22
0 24 48 6 0 0 0 63 0 44
94 64 58 0 71 10 0 22 44 0
